"Age" "BB" "FF" "FS" "TC" "Pinus" "Picea" "Betula" "Alnus" "Juniperus" "Salix" "Ericaceae" "Poaceae" "Artemisia" "Cyperaceae" "Sphagnum" "Tree" "ROC"
28 -1.64383181686157 0.00330321615772028 1.18659913970235 10.1107604 64.27184466 8.155339806 22.52427184 1.941747573 0.776699029 0 0.388349515 1.165048544 0.194174757 0.194174757 0.770712909 1290.05915447 0.126372682397288
59 -1.56490286410891 0.00340430010714965 1.15160923224856 9.6425612 65.76923077 5.384615385 24.80769231 1.346153846 0.384615385 0 0.384615385 0.769230769 0.192307692 0.769230769 1.515151515 1165.17662715 0.163877065994745
89.5 -1.48663611942872 0.00349802061966594 1.12530832332119 9.2368424 62.30769231 7.692307692 26.15384615 0.961538462 0 0 1.153846154 0.769230769 0 0.961538462 0.383141762 2840.00679133 0.151317630180107
120 -1.40568742365506 0.00358540535925769 1.10687051276378 8.838244 64.63654224 3.929273084 27.50491159 0.589390963 0.196463654 0 0.589390963 1.571709234 0.196463654 0.392927308 0.779727096 3489.90615136 0.120620046957379
151 -1.32057460568102 0.00366734429803014 1.09512965625921 8.8879656 58.34896811 7.504690432 28.51782364 1.500938086 0.375234522 0.375234522 0.938086304 1.688555347 0.187617261 0.375234522 1.296296296 2774.2735044 0.111035198397203
182 -1.23277424339867 0.00374218933971252 1.08943855925751 9.0251592 61.59844055 5.847953216 30.40935673 0.584795322 0 0 0 1.364522417 0 0 0.388349515 2795.4576657 0.095420774986019
212 -1.14539340773498 0.00380742164057236 1.08918226719084 9.1093192 57.2265625 5.46875 33.0078125 1.171875 0.390625 0 1.171875 0.390625 0.5859375 0.390625 1.348747592 3518.27937332 0.106839795602833
242 -1.05576676554734 0.00386538544907327 1.09364502981623 9.1825672 63.81322957 6.614785992 26.07003891 1.361867704 0.194552529 0 0.389105058 0.972762646 0.194552529 0.389105058 2.281368821 3604.15517356 0.122574048385328
273 -0.96093134539945 0.00391764639702905 1.10279842602972 10.2351833333333 63.32046332 6.756756757 26.64092664 1.351351351 0.386100386 0 0.193050193 0.965250965 0 0.386100386 0.384615385 3464.13723582 0.103325749457433
303.5 -0.865574872281088 0.00396125834677305 1.11614821725909 9.4622987012987 57.52895753 9.652509653 30.30888031 0.579150579 0 0 0.193050193 0.965250965 0.386100386 0.193050193 1.707779886 3077.58115013 0.101963703888269
332.5 -0.773153959435319 0.00399556143201668 1.13267431624761 9.257056 59.96204934 11.19544592 25.99620493 0.948766603 0.189753321 0 0 1.138519924 0 0.569259962 0.753295669 3923.55117004 0.116749207357191
362 -0.67753840215799 0.00402350044988165 1.15313390049895 9.3223336 57.05996132 7.930367505 31.33462282 0.967117988 0.386847195 0 0.580270793 0.580270793 0 0.773694391 1.335877863 2817.53400487 0.133384010062963
393 -0.577992186344589 0.00404516058696034 1.17777226490751 9.3340216 53.73134328 6.71641791 33.95522388 1.679104478 0.373134328 0 0 1.305970149 0.186567164 0.186567164 2.010968921 3230.92169738 0.17559353546863
423 -0.485438703503898 0.00405890481862268 1.20365192781578 9.3055576 54.19847328 5.152671756 35.11450382 2.099236641 0.763358779 0 0.763358779 1.145038168 0 0.190839695 1.132075472 3467.24889569 0.148655734713248
453.5 -0.395757858041229 0.00406595706034387 1.23182179212147 9.1984624 61.22047244 2.952755906 31.1023622 1.181102362 0.393700787 0 0.393700787 0.787401575 0 0.196850394 2.681992337 3659.62004714 0.0889166039495951
482.5 -0.31512565767525 0.00406632192971466 1.26030991537493 9.029288 51.19047619 4.761904762 38.49206349 0.992063492 1.388888889 0.198412698 0.595238095 0.992063492 0.198412698 0.595238095 1.754385965 2514.68177449 0.119392042512886
512 -0.238286472486791 0.00406069609839501 1.29084581836121 9.365575 57.00757576 10.03787879 27.27272727 2.462121212 0.757575758 0 0.568181818 0.568181818 0 1.325757576 1.492537313 2980.62442577 0.160005355906536
542 -0.166054400550794 0.00404925692324403 1.32329296725226 10.4615125 54.49330784 8.604206501 32.6959847 1.7208413 0.573613767 0 0.191204589 0.382409178 0.191204589 1.147227533 2.60707635 3257.46399767 0.187845088264435
573 -0.0982726715380161 0.00403164595174382 1.35820961900252 10.2224207792208 53.25670498 11.68582375 32.18390805 0.957854406 0.191570881 0 0 1.149425287 0.191570881 0.191570881 2.063789869 3823.9295174 0.165693968892704
603.5 -0.0389457944035635 0.0040091582381086 1.3936667588411 9.66332012987013 59.31558935 12.54752852 24.33460076 1.140684411 0.380228137 0 0.760456274 0.760456274 0 0.760456274 1.865671642 4984.29433716 0.155264176269247
633 0.010941684613032 0.00398309779910594 1.42870075965271 9.2976672 54.91651206 14.47124304 26.716141 1.669758813 0.371057514 0 0.927643785 0 0.556586271 0.371057514 2 3086.70620297 0.163972615013462
662 0.0522446422442974 0.00395370705975949 1.46362497507595 9.4008608 54.08921933 15.24163569 28.62453532 0.92936803 0 0 0.371747212 0.185873606 0.185873606 0.371747212 1.102941176 3952.38964927 0.176618938253086
691 0.0848025621791087 0.00392111904062286 1.49844489751793 9.5040544 53.98058252 6.213592233 33.39805825 1.359223301 0 0 1.941747573 2.330097087 0 0.194174757 1.717557252 3210.49591219 0.217850810114913
722 0.10924998425631 0.00388331919232876 1.53505259563153 9.6143648 59.40594059 3.366336634 34.65346535 0.792079208 0 0 0.594059406 0.198019802 0.198019802 0.198019802 1.559454191 3518.27937295 0.154451951873446
754 0.12304566828928 0.00384167544783416 1.57176256389283 9.77946666666667 55.3816047 3.522504892 35.81213307 1.369863014 0.195694716 0.195694716 0.391389432 0.782778865 0 1.761252446 0.776699029 2625.30210775 0.113745230152394
782.5 0.125372978306625 0.00380292851102597 1.60304850165402 10.2459166666667 58.01980198 5.544554455 30.2970297 0.594059406 1.188118812 0 0 2.772277228 0.198019802 0.396039604 1.750972763 3488.69330684 0.175840963892893
814 0.116606651795167 0.00375887629195341 1.63543083104448 10.7614666666667 56.01503759 13.72180451 26.12781955 1.127819549 0.37593985 0 1.315789474 0.187969925 0.187969925 0.939849624 1.84501845 6195.18106907 0.177195262818694
855 0.0870221127352628 0.00370059596471152 1.67294099979505 9.78509433962264 53.34572491 10.78066914 30.29739777 0.743494424 0.557620818 0 2.230483271 0.557620818 0.185873606 0.92936803 2.359346642 4654.27556797 0.120828739296797
909 0.0157090158741024 0.00362432175453174 1.71123725084657 9.2768464 56 14.66666667 24 1.333333333 0.761904762 0 1.333333333 0.761904762 0.571428571 0.380952381 1.869158879 4333.90102438 0.0705539173115117
963 -0.0929197772739159 0.00355125204046818 1.73250874722335 9.5354848 52.83018868 13.96226415 28.86792453 1.886792453 0 0 0.754716981 0.377358491 0.188679245 1.132075472 1.669758813 4569.17949197 0.0471068981662026
1016.5 -0.221436630004266 0.00348449844363363 1.73954252599697 9.72662930008357 64 9.714285714 24 0.380952381 0.19047619 0 0.952380952 0.571428571 0 0.19047619 3.846153846 6554.16539801 0.0687058046428949
1065 -0.349458983458375 0.00343062243111586 1.73363081516904 9.76757300032924 62.47619048 11.42857143 21.9047619 0.761904762 0.571428571 0 1.523809524 0.19047619 0.380952381 0.761904762 1.685393258 6452.35312022 0.0697777073335016
1116.5 -0.495377057078192 0.0033817840930146 1.71271319572477 10.2527937515823 55.40796964 14.80075901 26.18595825 0.948766603 0.569259962 0 0.759013283 0.569259962 0.189753321 0.569259962 1.495327103 6045.10400848 0.0603386402054125
1168 -0.649539386930905 0.00334270581551066 1.67549314438036 9.58138159999869 60.48237477 17.99628942 18.36734694 0.371057514 0 0 0.927643785 0.371057514 0.185528757 1.298701299 2.882882883 6291.23038772 0.0615996551424126
1217 -0.8019914086407 0.00331531974036536 1.62465246758547 9.57704900031601 60.60037523 13.8836773 22.13883677 1.125703565 0 0 0.750469043 0.375234522 0 0.938086304 0.559701493 6630.52460732 0.0479224649033771
1268 -0.94336126636274 0.00329726612200728 1.56813907768241 9.63809599982763 56.84803002 12.57035647 25.70356473 0.938086304 0.375234522 0 1.313320826 0.938086304 0.187617261 0.562851782 1.660516605 7239.98421536 0.0548047355118155
1320.5 -0.981182974313362 0.00328984932353423 1.55547883600869 9.63631360005088 60.49149338 14.5557656 21.55009452 0.56710775 0 0 0.56710775 0.378071834 0.189035917 1.701323251 1.305970149 7977.364468 0.0641513152478403
1374 -0.917316101903897 0.00329363993261882 1.58598432830067 10.1754970736756 58.79017013 15.31190926 22.11720227 1.323251418 0.378071834 0 0.756143667 0.56710775 0 0.56710775 1.305970149 8008.4047963 0.0515677170510585
1427 -0.777623769994857 0.00330791482210915 1.64563206025775 9.26120829987775 59.62264151 13.77358491 23.77358491 0.566037736 0.188679245 0 0.566037736 0.754716981 0.188679245 0.566037736 0.562851782 6338.79327224 0.0552261818694895
1477 -0.597853382712447 0.003330207364168 1.71635503716919 9.22969300001256 54.69924812 15.03759398 26.87969925 0.939849624 0 0 1.127819549 0.563909774 0.187969925 0.563909774 2.025782689 7505.76311156 0.0490903763575235
1528 -0.388295373524838 0.00336078672475203 1.79097584839371 10.5246028077395 56.22641509 16.98113208 22.64150943 1.320754717 0 0 1.509433962 0.566037736 0 0.566037736 2.21402214 5851.93339121 0.0432155611822845
1580 -0.196498612809648 0.00339901814989728 1.84489953476313 9.3694600014076 57.2778828 14.36672968 24.57466919 1.323251418 0 0 1.134215501 0.56710775 0 0.378071834 1.489757914 6700.91013607 0.0515012106239993
1633 -0.0614109376601806 0.00344411701666494 1.86060491960613 9.35222799941018 58.33333333 15.74074074 21.85185185 1.296296296 0.555555556 0 1.296296296 0.185185185 0.185185185 0.37037037 2.350813743 6550.4223 0.0511112983403552
1684 0.0189854056085753 0.00349211701350534 1.84622597829938 10.0789524924072 57.95246801 17.00182815 21.20658135 1.279707495 0 0 1.462522852 0.548446069 0 0.548446069 1.441441441 7708.2307092 0.0445485528752338
1734.5 0.0578865988790469 0.00354301176547688 1.8104156486309 9.76715619971475 54.04411765 18.19852941 24.63235294 0.735294118 0.367647059 0 0.367647059 0.183823529 0 1.102941176 1.090909091 5449.83060792 0.0553671183620417
1785.5 0.0634068623618347 0.00359679219595656 1.75881168510296 9.89064884961525 57.89473684 14.84962406 24.81203008 1.315789474 0.187969925 0 0.37593985 0.37593985 0 0.187969925 1.115241636 5312.82323906 0.0589917845262803
1835 0.0410594646572328 0.00365039176740735 1.69823110753933 9.70240499834976 53.14183124 16.15798923 25.13464991 2.333931777 0.359066427 0 1.615798923 0.718132855 0 0.538599641 1.241134752 5913.4501999 0.0473456957775847
1889 -0.0523187865056171 0.00370952368421292 1.60631293122652 9.42438740011147 54.59558824 21.69117647 19.66911765 1.838235294 0.367647059 0 1.102941176 0.183823529 0 0.551470588 0.910746812 6770.5164895 0.0459773196077544
1943 -0.209921652567882 0.00376849006447805 1.49376171248825 9.36966379956424 55.10204082 17.62523191 23.56215213 0.927643785 0 0 0.927643785 0.742115028 0.185528757 0.742115028 1.821493625 13971.1054428 0.0726769207476408
1981 -0.340745258027684 0.0038094760507742 1.41085464657367 9.99476136363636 54.89833641 21.44177449 20.70240296 0.924214418 0 0 0.554528651 0.739371534 0 0.554528651 1.277372263 10751.9086444 0.112126729185154
2008 -0.436302485778319 0.00383818777579052 1.35322878758005 9.4561495995468 60.14625229 14.44241316 21.20658135 1.096892139 0.182815356 0 0.731261426 0.365630713 0.182815356 0.914076782 2.146690519 12681.7384008 0.118303111795803
2034 -0.52578789324362 0.00386545323081795 1.30047698502126 9.64026079807391 54.18250951 16.34980989 27.75665399 0.760456274 0 0 0.190114068 0.380228137 0 0.190114068 1.682242991 12154.72842238 0.0981046490603205
2061 -0.612173260010337 0.00389329314322628 1.24992715485024 9.76979160165532 53.93258427 21.16104869 22.65917603 0.74906367 0 0 0.936329588 0.187265918 0 0.187265918 2.909090909 10907.89021045 0.122141140188252
2086 -0.682250725380187 0.00391859671158459 1.2083681246408 9.66368160059422 61.20527307 18.45574388 18.07909605 0.753295669 0 0 0.188323917 0.376647834 0 0.753295669 1.117318436 9208.59445166 0.141606785446473
2112.5 -0.742647731742439 0.00394487713152422 1.17087898142631 10.308902350758 51.54826958 19.48998179 25.31876138 0.910746812 0 0 0.546448087 1.275045537 0.182149362 0.72859745 0.902527076 10602.56459034 0.111566301050488
2137 -0.778782806612036 0.0039686416604575 1.1446336835295 10.2692269628901 49.63099631 22.1402214 24.1697417 1.47601476 0.36900369 0 0.553505535 0.73800738 0 0.922509225 1.275045537 10483.4346509 0.127523571704552
2165 -0.791094494904853 0.00399514789958616 1.12630907484575 9.57700376973791 51.01289134 21.1786372 23.75690608 1.289134438 0.184162063 0 1.473296501 0.552486188 0 0.552486188 1.451905626 15894.239631 0.1313789529783
2191 -0.778428406348199 0.00401910364988367 1.11876639262903 9.50303760012118 51.96998124 19.51219512 25.70356473 0.750469043 0.187617261 0 0.938086304 0 0.375234522 0.375234522 2.737226277 13165.4681464 0.116384410399302
2217 -0.74523788673628 0.00404241877914024 1.11908381575761 9.46803119977111 51.69172932 16.54135338 27.44360902 1.691729323 0.187969925 0 1.315789474 0.563909774 0 0.563909774 3.096539162 10070.6163202 0.113387668047439
2243.5 -0.694356822370465 0.00406549098309561 1.12580926741205 9.81329581176706 54.77941176 15.80882353 26.28676471 1.102941176 0 0 0.919117647 0.735294118 0 0.367647059 2.683363148 12753.5218248 0.105131069419078
2273 -0.621568983680308 0.0040903835108377 1.13921324093926 9.59496972569902 54.98154982 17.34317343 24.53874539 1.660516605 0 0 0.36900369 0.36900369 0 0.73800738 3.90070922 14656.4863438 0.103335304234773
2529 0.188769215532285 0.00427584632254036 1.31790764968767 10.9526291479821 52.71028037 14.76635514 27.6635514 1.308411215 0.186915888 0 1.682242991 0.560747664 0 0.747663551 2.372262774 12038.0803577 0.117202897735997
2557.5 0.291266198655074 0.00429430969804709 1.34129802296822 11.1078501805054 56.71077505 12.85444234 26.27599244 1.512287335 0 0 1.134215501 0.756143667 0.189035917 0.378071834 2.218114603 13349.7230486 0.119812076296378
2585 0.392676075480766 0.00431205369561335 1.36438704381351 10.127976534296 57.24907063 13.01115242 27.69516729 0.557620818 0 0 0.557620818 0.185873606 0 0.557620818 2.536231884 9697.79995228 0.112690129590227
2611.5 0.492272844031029 0.00432918611665419 1.38691354667712 9.83630412371134 49.20634921 21.03174603 26.38888889 0.595238095 0.396825397 0 0.595238095 0.595238095 0.396825397 0.595238095 2.325581395 9940.44384125 0.117232782407481
2639 0.597155732785278 0.00434711294166695 1.41037013156665 10.4098516339869 48.28244275 17.9389313 29.77099237 1.335877863 0.190839695 0 0.763358779 1.145038168 0 0.381679389 2.23880597 15352.390553 0.113269417290189
2666 0.701190866880714 0.00436496985306537 1.43326769746947 10.0253222222222 50.69582505 19.08548708 26.64015905 1.391650099 0.198807157 0 0.596421471 0 0.397614314 0.596421471 1.37254902 15304.2261896 0.11270260002656
2693 0.805807206497652 0.00438319819008038 1.45582536724394 9.64079281045752 51.08910891 20.1980198 25.34653465 0.594059406 0 0 0.792079208 0.594059406 0.198019802 0.99009901 1.750972763 13476.28238692 0.138194170149716
2719 0.902884013028567 0.00440118174764562 1.47587112435212 10.7087939393939 52.39043825 14.94023904 29.08366534 0.597609562 0.398406375 0 1.593625498 0.398406375 0.199203187 0.398406375 1.181102362 14201.90197211 0.194802399504407
2742 0.977967333106708 0.00441755002979719 1.48978479505247 11.3127402985075 51.09343936 16.89860835 28.82703777 0.994035785 0 0.198807157 0.397614314 0.795228628 0 0.795228628 1.949317739 14810.5414749 0.21682396801155
2767.5 1.04920421051637 0.00443624477207457 1.50102484924317 10.5861044776119 59.48103792 13.97205589 22.55489022 1.596806387 0.399201597 0 0.798403194 0.199600798 0 0.399201597 3.653846154 34478.7337701 0.179582892136497
2792 1.10599250649018 0.00445483395159508 1.50777896575035 9.88796417910448 57.4 11.2 27.8 1 0.8 0.4 0.2 0.8 0 0 3.66088632 15416.9339175 0.143987763682459
2820 1.15726178287076 0.00447690064040195 1.51081153582713 10.551037037037 65.26946108 10.37924152 21.35728543 0.399201597 0.199600798 0.399201597 0.598802395 0.399201597 0.199600798 0.199600798 2.529182879 54070.0680255 0.117529306976446
2847 1.19279176779873 0.0044990933474923 1.50902152294218 10.3575575342466 57.98816568 16.96252465 21.69625247 1.183431953 0.591715976 0 0.197238659 0.591715976 0.394477318 0.394477318 1.934235977 15086.0877692 0.107488668372438
2875.5 1.21635290908607 0.00452355977249559 1.50246077079694 9.63744452054794 57 11.6 28.4 0.6 0.4 0 0.8 0.8 0.2 0 3.100775194 29114.6520185 0.143017402119476
2902.5 1.22571206902014 0.00454772529552451 1.49201107355735 9.23978709677419 58.13492063 12.1031746 27.38095238 0.595238095 0.198412698 0.198412698 0.198412698 0.198412698 0 0.793650794 3.632887189 17063.0952334 0.146874502294871
2928.5 1.22302324212964 0.00457196457992521 1.4781978492908 11.5422129032258 56.48702595 14.97005988 25.5489022 0.598802395 0.598802395 0 0.598802395 0.798403194 0 0.199600798 1.377952756 18060.2891147 0.123633707784963
2953.5 1.20974532962427 0.00459616548540448 1.46159363538379 10.9602847826087 52.08747515 14.11530815 29.42345924 0.994035785 0.994035785 0 0.596421471 0.795228628 0 0.596421471 2.519379845 16039.9696044 0.13444700040145
2981 1.18367525426346 0.00462374380555543 1.43988767884994 9.97845507246377 59.3625498 12.35059761 25.69721116 1.195219124 0 0 0.199203187 0.398406375 0 0.398406375 2.33463035 27422.8316332 0.126171615912516
3008.5 1.14854838046749 0.00465235419396034 1.41553196355688 9.76002285714286 61.67664671 11.9760479 23.95209581 0.399201597 0 0 1.397205589 0.399201597 0 0.199600798 1.956947162 16204.98986837 0.13381729660105
3036.5 1.11545831128657 0.00468242398636982 1.39152730860951 11.1989177884615 55.68862275 13.77245509 26.54690619 2.195608782 0.199600798 0 0.598802395 0.598802395 0 0.199600798 1.956947162 23849.5535672 0.1431493542943
3063.5 1.08733747671117 0.00471226203824301 1.36949933421131 11.2892379807692 56.8627451 11.76470588 28.82352941 0.784313725 0 0 0.784313725 0 0 0.784313725 1.162790698 19428.6607116 0.123956477582494
3090.5 1.06289714675236 0.00474281015714955 1.34859620869896 11.3795581730769 54.56349206 13.49206349 28.37301587 1.19047619 0 0.198412698 0.396825397 0.396825397 0 0.793650794 1.945525292 18614.2857103 0.11634107471234
3116 1.04331345552566 0.00477222223580424 1.32995772567745 11.4648605769231 55.26838966 15.70576541 25.64612326 0.596421471 0.596421471 0 0.397614314 0.994035785 0 0.596421471 2.707930368 9980.68609001 0.117879501240755
3141 1.02722675105149 0.00480146270876088 1.31268915132467 11.3985807246171 54.6 12.2 30.8 0.8 0.6 0 0.8 0.2 0 0 1.380670611 19568.8644651 0.12927994155436
3166 1.01436978467243 0.00483098326189308 1.29650104384471 9.60833978233084 59.28143713 15.36926148 22.35528942 0.598802395 0.199600798 0 0.998003992 0.399201597 0 0.199600798 2.529182879 14311.9272235 0.128509963276971
3193 1.00396329508736 0.00486303014642286 1.280210406331 9.96263755125169 54.18326693 14.14342629 29.08366534 0.796812749 0.398406375 0 0.398406375 0.597609562 0 0.398406375 3.461538462 14994.8412701 0.117608761352846
3219 0.997366727762622 0.00489388823997384 1.2657335488811 10.3595860246008 54.15019763 15.61264822 27.66798419 1.581027668 0.197628458 0 0 0.395256917 0 0 0.393700787 3631.52536752 0.125177521236641
3250 0.993914442675738 0.00493044116494304 1.25007908196798 10.6306553502017 55.35714286 13.69047619 26.19047619 0.992063492 0.396825397 0.198412698 1.587301587 0.595238095 0 0.396825397 2.325581395 6599.36299011 0.107116268640429
3284 0.995637736808079 0.0049698714070341 1.23498831461797 10.167552765467 58.05168986 12.52485089 26.44135189 0.596421471 0.795228628 0.198807157 0.596421471 0 0 0.596421471 3.082851638 14793.40130468 0.0681285104361232
3320 0.999301965699161 0.00501048184888342 1.2203004267898 9.67720885221848 49.30693069 15.64356436 30.4950495 1.584158416 0.594059406 0.396039604 0.792079208 1.188118812 0 0 1.174168297 10402.1872496 0.0773578279479227
3360 1.00103869251806 0.00505361718570668 1.20456985860268 10.32115 53.2 13.4 31.4 1.2 0.4 0 0.4 0 0 0 1.768172888 10899.0192508 0.0763927111316893
3394.5 1.0010441400719 0.00508865305388776 1.19175438600218 10.5176673076923 57.88423154 13.37325349 27.34530938 0.598802395 0.199600798 0 0 0.199600798 0 0.199600798 1.571709234 5872.6094867 0.121191381082195
3425 1.0002846271285 0.00511762862313529 1.18117170212993 10.6914 60.2 12.6 26 0.8 0.2 0 0 0.2 0 0 1.57480315 12230.37478202 0.147835406569611
3457 0.999046803379486 0.005145739542629 1.17095864520304 10.685593877551 60.38461538 11.92307692 23.84615385 0.961538462 0.576923077 0.192307692 0.769230769 0.384615385 0 0.576923077 1.701323251 8547.52258954 0.107246573353389
3489 0.99769657821582 0.00517127785819056 1.16177332424877 9.8647612244898 59.28143713 9.780439122 26.74650699 1.796407186 0.199600798 0 1.596806387 0.199600798 0.199600798 0.199600798 0.792079208 11342.1581388 0.114661074377756
3521 0.996582536477503 0.00519391430155163 1.1537675867237 9.5840784 64.07185629 9.98003992 23.55289421 0.798403194 0.399201597 0 0.598802395 0.399201597 0 0.199600798 0.595238095 3653.76670123 0.141110738743755
3553 0.996057198342218 0.0052134597328435 1.14704393331117 9.5863312 57.42574257 12.07920792 26.93069307 0.792079208 0 0 0.99009901 0 0.198019802 0.99009901 1.174168297 2329.47559099 0.11763356513326
3647 0.98104812488836 0.00525189654228518 1.13077670607813 11.2728152721365 57.36738703 8.447937132 29.66601179 1.178781925 0.589390963 0 0.589390963 0.392927308 0.785854617 0.982318271 1.356589147 11627.057817 0.094692860433633
3680 0.963668583448626 0.00525835426801618 1.12461331812872 10.7937657189277 55.28942116 8.183632735 33.93213573 1.596806387 0 0 0 0.399201597 0.199600798 0.199600798 0.595238095 13217.9595174 0.096592995089543
3712 0.941133758387113 0.00526100350301015 1.11850118440973 10.3292328188465 54.29141717 10.17964072 33.13373253 0.598802395 0.199600798 0 0.998003992 0.199600798 0.199600798 0.199600798 0.792079208 15405.85160656 0.0944488435729366
3742.5 0.915043624339436 0.00526023009944212 1.11266867423661 9.88647489845654 54.96031746 9.325396825 30.75396825 2.182539683 0.595238095 0 0.396825397 0.595238095 0 0.793650794 1.945525292 11802.4816875 0.127449995869998
3774 0.883808996456776 0.0052561274620907 1.10669791600235 10.0243272727273 60.11904762 9.126984127 27.38095238 1.587301587 0 0 0.396825397 0.396825397 0 0.793650794 0.787401575 9999.8643396 0.126175355502621
3804 0.850462973593643 0.00524918648024676 1.1011241048996 10.3098409972299 61.61417323 12.00787402 22.83464567 0.787401575 0.393700787 0 0.787401575 0.590551181 0.196850394 0.590551181 1.167315175 10312.31801372 0.0926059612533139
3837 0.810226572428244 0.005238135091254 1.09521973199022 10.0194684210526 62.57425743 9.900990099 23.16831683 0.99009901 0.594059406 0 0.99009901 0.198019802 0.198019802 0.99009901 1.559454191 12733.8339845 0.0671326080078015
3867.5 0.770196571741279 0.00522484288581229 1.09003792749935 9.75109376731302 59.52380952 6.349206349 29.16666667 1.984126984 0 0 1.19047619 0.595238095 0 0.793650794 1.176470588 8626.4301346 0.0933257064157495
3900 0.729347425612939 0.00520762580085932 1.08587054954462 10.0075204435873 54.2 9.6 33.4 1 0.2 0 0.6 0 0 0.4 1.768172888 14642.4180003 0.153359512737534
3930.5 0.697160724104481 0.00518860083891365 1.0842989871402 10.4008733847637 60.27944112 9.181636727 26.54690619 2.195608782 0.199600798 0 0.798403194 0.199600798 0 0.199600798 1.571709234 6698.1963509 0.154719171076821
3964 0.668762255127024 0.00516464866860713 1.08520215139837 10.8329167791707 55.859375 8.7890625 31.4453125 1.953125 0 0.1953125 0.78125 0.5859375 0 0.390625 0.775193798 12575.1829381 0.117984402833383
3993.5 0.649722141077353 0.0051411227867966 1.08823920986782 10.2169075117371 51.57480315 9.05511811 35.82677165 1.968503937 0 0 0.393700787 0.787401575 0 0.393700787 1.167315175 6390.3482692 0.121520498447888
4024 0.636015776607816 0.00511445858948477 1.09364973569114 9.94216080047436 54.2 11 30.2 2.8 0 0.6 0.8 0.2 0 0 1.768172888 8785.4508005 0.109933228000242
4055 0.628342005899559 0.00508500871168673 1.10156041608133 10.0442810010871 58.90410959 8.806262231 28.57142857 2.544031311 0.195694716 0 0.391389432 0.195694716 0.195694716 0.195694716 0.968992248 5967.1384117 0.0687784831560994
4090 0.627222244461158 0.00504915382978835 1.11342314326432 10.0908859998867 49.70238095 10.01984127 35.11904762 3.571428571 0 0 0.198412698 0.198412698 0.198412698 0.793650794 0.982318271 9706.9390208 0.0838261451436447
4120 0.63281559040259 0.00501630433403255 1.12618548881468 10.0787479999838 52.9296875 9.375 32.03125 1.7578125 0.390625 0.390625 1.3671875 0.5859375 0 0.5859375 0.194931774 7702.9258037 0.092484992856422
4151 0.644951308625625 0.00498037430993986 1.14197430338511 10.2308613130007 51.57480315 8.464566929 35.03937008 2.362204724 0 0.196850394 0.984251969 0.393700787 0 0.590551181 0.587084149 7045.358966 0.0996530823612169
4183 0.66205493508714 0.00494136077879161 1.16053576515843 10.3753344187321 54.89021956 8.78243513 32.73453094 1.796407186 0.399201597 0 0.798403194 0 0 0.199600798 0.792079208 9062.2656509 0.120426082602843
4213 0.676613143778093 0.00490314542313059 1.17859615263359 10.4525890864068 58.46456693 8.858267717 31.1023622 1.181102362 0 0 0 0 0.393700787 0 0.392156863 7728.89243821 0.0983454572176464
4245 0.689515480220155 0.00486069935370626 1.19832393011301 10.1946749996598 59.60784314 9.411764706 26.47058824 1.764705882 0.588235294 0 0.392156863 0.196078431 0 0.588235294 0.584795322 6212.4409737 0.0852934975828913
4277 0.699088938807561 0.00481668272511163 1.21834739589382 9.92251500183708 56.57370518 8.565737052 31.07569721 2.19123506 0.199203187 0 0.398406375 0.398406375 0 0.398406375 1.181102362 6952.1245034 0.0975383566101637
4306 0.70432065412318 0.00477556608068144 1.23658220395596 10.6677422584398 56.74603175 8.333333333 30.95238095 1.984126984 0 0 0.992063492 0.198412698 0 0.396825397 0.591715976 5427.5357966 0.110200050025604
4333 0.705831021244478 0.00473631611267108 1.25350623546945 11.5274903478294 59.08183633 8.383233533 30.53892216 0.598802395 0 0 0.199600798 0.199600798 0.199600798 0.199600798 0.199203187 6874.87867536 0.0936758855847728
4366 0.702660725185488 0.00468722869570009 1.27390768732754 10.2275363996231 61.30952381 8.134920635 26.78571429 1.984126984 0.396825397 0 0.396825397 0.198412698 0 0.198412698 0.395256917 5535.639189 0.0778551094500705
4396 0.694448752410069 0.00464169689715673 1.29196367013657 10.0704984008794 53.58565737 9.362549801 33.66533865 1.792828685 0 0 0.597609562 0 0 0.597609562 0.198807157 7031.1259184 0.0978305041460212
4426 0.680600452041017 0.00459543017026492 1.30932490505538 9.91346040213572 60.3960396 7.722772277 27.52475248 2.574257426 0.198019802 0 0.396039604 0.198019802 0.198019802 0.396039604 0.590551181 4778.8007483 0.109962124904163
4456 0.660624896124982 0.00454858760127237 1.32574962118137 9.91182719988616 58.97435897 8.08678501 29.58579882 1.775147929 0 0 0.197238659 0.197238659 0.394477318 0.788954635 0.392927308 6377.5675729 0.0956402686449654
4505 0.618763437799668 0.00447126113084219 1.3514400236691 10.8557218750001 59.17159763 7.495069034 30.17751479 1.972386588 0.394477318 0 0.197238659 0.197238659 0 0.394477318 1.361867704 4980.21141812 0.0682233674232752
4553 0.573391098006089 0.00439512434574492 1.37693673815887 10.1722887020491 55.27888446 9.262948207 30.27888446 2.988047809 0 0 0.796812749 0.796812749 0 0.199203187 1.181102362 6612.7049038 0.0972012643315607
4591 0.53831578153497 0.00433503297756514 1.39837079885724 9.77526879966185 63.74501992 5.976095618 27.68924303 1.593625498 0 0 0.199203187 0.199203187 0 0 0.396825397 4940.44925162 0.0902305402273251
4623 0.511753974423032 0.00428482986960553 1.41796962542047 9.73548639998011 58.88223553 5.588822355 32.33532934 1.796407186 0 0.199600798 0.399201597 0 0 0.199600798 1.183431953 9374.8345579 0.102814721923201
4659 0.48734137478287 0.00422905000163014 1.44237678376595 10.2776417210498 57.67716535 5.31496063 31.88976378 1.771653543 0.787401575 0 0.787401575 0.590551181 0 0.590551181 0.587084149 6684.5821311 0.139629424985792
4692 0.472206985318918 0.00417880682212579 1.46767165522871 10.6731459989044 62.74900398 4.38247012 29.08366534 2.390438247 0.398406375 0 0.398406375 0.199203187 0 0.199203187 1.181102362 5040.5820257 0.109460419729393
4727 0.465869638759291 0.00412664861807847 1.49833236990121 9.72143080027975 63.92156863 3.529411765 30.19607843 1.37254902 0.196078431 0 0.196078431 0 0.196078431 0 0.970873786 6728.90076316 0.0956320851635706
4763 0.470698717525114 0.00407442159131637 1.53439878318432 9.77616519984188 59.32539683 2.182539683 32.53968254 3.76984127 0.198412698 0.198412698 0.396825397 0.793650794 0.198412698 0.198412698 0.591715976 5562.9420952 0.0998061268422463
4796 0.479984605364202 0.0040279889719014 1.56968940530173 9.82609359966476 61.82170543 2.325581395 31.78294574 1.356589147 0.19379845 0.19379845 0.775193798 0.387596899 0.19379845 0.387596899 1.149425287 8061.0147031 0.114410316667484
4827.5 0.492639717698876 0.00398508210087071 1.60512913520752 9.87323649994762 59.76789168 1.353965184 34.42940039 2.51450677 0.386847195 0 0.773694391 0.580270793 0 0.193423598 1.523809524 6350.21688215 0.131557029691907
4861 0.510771063248392 0.00394103096520924 1.64492094808834 10.6970115387347 63.99217221 1.56555773 31.89823875 1.56555773 0 0 0.391389432 0.391389432 0 0.195694716 0.776699029 7369.4090696 0.116005471693668
4895 0.534819778343311 0.00389807583897972 1.68779525446447 10.1871423110619 59.44333996 0.397614314 37.17693837 1.391650099 0 0 0.397614314 0.198807157 0.198807157 0.596421471 1.56555773 5687.99623027 0.0995880717311096
4930 0.566037271131076 0.00385571027901671 1.73474182852263 9.67913200134299 62.75992439 0.378071834 34.21550095 1.134215501 0.378071834 0 0 0.189035917 0 0.56710775 0.750469043 6591.48286675 0.0955239080434859
4964 0.603582710241412 0.00381642577335366 1.78350945056538 9.57041360069068 61.4 0.8 33 2.6 0 0 1.2 0.2 0.2 0 0.793650794 5671.07906904 0.0765262774006613
4998 0.648673658863668 0.00377886310806496 1.83566510892143 9.46169520003837 61.78217822 0.198019802 34.25742574 1.98019802 0.198019802 0.198019802 0.396039604 0.396039604 0 0.396039604 0.590551181 8874.91567665 0.0639718648718545
5030 0.698660692454317 0.00374502917475168 1.88824059463898 10.9288761589404 63.6 0.2 32.8 1.4 0.4 0.2 0.4 0.4 0 0 0.793650794 5630.54172279 0.0875426490281888
5064 0.757514979517324 0.00371067524295237 1.94697830139235 10.4978738396624 59.2445328 0.198807157 38.17097416 1.590457256 0 0 0.198807157 0.198807157 0 0.198807157 0.984251969 10964.94073824 0.102656098138253
5097.5 0.814663947921038 0.00367825080192988 2.00504497840318 10.0609603375527 57.96812749 0 38.24701195 1.992031873 0.398406375 0.199203187 0.398406375 0.199203187 0 0.398406375 0.790513834 5416.5488817 0.0873581384851357
5128 0.864746150698734 0.00364984708608843 2.05759114044756 9.75118759689922 63.83399209 0.197628458 32.80632411 1.185770751 0.395256917 0 0.592885375 0.395256917 0 0 0.784313725 7140.73675073 0.080816839459707
5164.5 0.920864855092892 0.00361710793668788 2.11948855995505 10.3459866925065 57 0 39.6 2.2 0.4 0 0 0.6 0.2 0 0.398406375 7365.9414379 0.0949436838125575
5196 0.964829215298366 0.00358979840496928 2.17156058048252 10.8593064599483 67.18446602 0 31.45631068 1.165048544 0 0 0 0.194174757 0 0 0.579150579 6922.46501056 0.100454887209509
5231 1.0075377812113 0.00356029848428136 2.22742094524581 10.326468907563 58.08383234 0 36.9261477 2.794411178 0.199600798 0 1.19760479 0.399201597 0 0.199600798 0.595238095 6529.0324235 0.110315998571391
5264 1.04052239396676 0.0035331422510493 2.27759892438322 10.0489752808989 60.82677165 0.393700787 35.62992126 2.362204724 0 0 0.393700787 0 0 0.393700787 0.587084149 37133.1860812 0.110553533436118
5296.5 1.06506433544908 0.00350686647289178 2.32417405756298 10.3873821829856 59.16334661 0.597609562 35.65737052 2.988047809 0 0 0.398406375 0.597609562 0 0.398406375 0.198807157 6725.42479108 0.10627869215065
5329 1.08059496183737 0.00348093171135728 2.36739495930425 10.7257890850722 66.33663366 0 30.4950495 1.98019802 0.396039604 0 0.594059406 0 0 0.198019802 0.197628458 7267.4607224 0.106126060705532
5361.5 1.08570747620482 0.00345521586100388 2.40658868107138 11.0641959871589 62 0.6 33.2 2.4 0 0 0.2 0.2 0.2 0.4 0.398406375 5256.25261513 0.107609974695308
5394 1.07962967774248 0.00342961869409207 2.44130934720979 9.472172 64.01590457 0 33.20079523 2.186878728 0 0.198807157 0.198807157 0 0 0 0.788954635 11597.2987106 0.0953641702643577
5427 1.06168558604734 0.00340367069368126 2.47170711300406 9.610376 62 0 32.4 4.2 0.2 0 0.4 0.6 0 0 0.99009901 5825.345024 0.100918175629194
5462.5 1.02853351648624 0.00337574021612788 2.49846901259915 9.75905 65.81532417 0 30.64833006 1.964636542 0.196463654 0 0.589390963 0 0 0.196463654 0.972762646 10458.4439768 0.109496337000503
5497 0.982023572689908 0.00334854777179062 2.51804552040272 9.903536 60.21699819 0 33.45388788 3.797468354 0.361663653 0 0.542495479 0.180831826 0 0.542495479 0.539568345 5770.102159 0.0951036146622495
5532 0.919982430540931 0.00332091405259335 2.53082596747963 10.7913136752137 66.40316206 0 30.63241107 2.173913043 0.395256917 0 0 0.395256917 0 0 0.197238659 9980.3039185 0.0932063910190842
5564 0.849591709637447 0.0032956379662453 2.53558169363931 11.0269794220498 67.72908367 0 28.28685259 2.788844622 0 0 0.398406375 0.597609562 0 0.199203187 0.396825397 5699.4871306 0.0820611039048987
5598 0.760216450199516 0.00326883494097693 2.53272309953211 10.692671302846 63.81322957 0 33.46303502 1.556420233 0.194552529 0 0.194552529 0 0.194552529 0.194552529 0.963391137 10784.3084146 0.0770411344078143
5633 0.652688032192918 0.00324140071400516 2.5207176209962 10.3485305919009 65.89147287 0 29.06976744 3.100775194 0.387596899 0.19379845 0.387596899 0.387596899 0 0.581395349 0.959692898 5416.830597 0.0804869597549061
5665 0.549441102276274 0.00321656864788429 2.50608741890498 10.0338876561797 64.62450593 0 33.00395257 1.581027668 0 0 0.395256917 0.197628458 0 0.197628458 0.393700787 6688.9270947 0.106481533526834
5697 0.445725539782499 0.0031921085967503 2.49000364441281 10.6543261117078 67.4 0.2 29.6 2.2 0.2 0 0 0.4 0 0 1.185770751 7073.82506402 0.113539286021022
5732 0.333495369059399 0.00316595321091035 2.47138807211399 10.9254752181028 66.13545817 0 31.87250996 1.792828685 0.199203187 0 0 0 0 0 0.790513834 7296.5888209 0.0817525907564278
5767 0.22443063315523 0.00314062076479736 2.45244519894441 10.4119854206874 60.23856859 0 32.80318091 4.373757455 0.198807157 0.397614314 0.397614314 0.198807157 0 0.596421471 0.788954635 5072.1408907 0.0896564272614142
5803 0.117583212250611 0.00311565087821909 2.43346511344142 9.88382448620298 63.81709742 0 33.99602386 1.391650099 0 0 0 0.198807157 0 0.198807157 0.198412698 6009.63098163 0.0981478513313483
5838 0.0208606813512331 0.00309268109554497 2.4163366697271 9.5432677487957 59.28143713 0.199600798 37.3253493 2.594810379 0 0 0.399201597 0 0 0.199600798 0.988142292 5619.3613859 0.0777976804782579
5912 -0.151504512721198 0.00304946994976793 2.38859158111217 10.5504220588235 57.7689243 0 38.84462151 2.19123506 0 0 0.398406375 0.199203187 0 0.398406375 0.198807157 6902.712192 0.0527724223482793
5986.5 -0.286889622538192 0.00301508075158914 2.36628867257538 9.89217895220588 56.37450199 0 40.6374502 1.992031873 0.199203187 0 0.199203187 0.199203187 0 0.199203187 0.594059406 4658.18450743 0.0618786577112343
6026 -0.347247915740324 0.00300125328832273 2.35299368958327 10.6321712933754 60.7495069 0 36.29191321 2.366863905 0 0 0.197238659 0 0.197238659 0 0.196850394 5260.5873692 0.0672343103559696
6065.5 -0.397128763045802 0.00299080116825558 2.33986239430972 11.824714138294 56.2745098 0 39.21568627 3.725490196 0.196078431 0 0.196078431 0.196078431 0 0.196078431 0.195694716 4647.6871904 0.0579976291764519
6105.5 -0.434929932384161 0.00298387359003408 2.32780814226723 10.996412010561 60.7495069 0 36.29191321 2.169625247 0.197238659 0 0.197238659 0.197238659 0 0 0.392927308 5250.1496959 0.0833081513671038
6142.5 -0.456750520742875 0.00298084454970028 2.31888523215406 10.2302325424079 60 0 35 3.6 0.2 0 0.4 0.2 0 0 0 3122.9518674 0.0955861200927449
6179 -0.464261345861625 0.00298109612204738 2.3132731096499 9.98312833093533 60 0 36.8627451 2.549019608 0 0 0.196078431 0.196078431 0 0 0.195694716 6127.4636085 0.0698976044272574
6215 -0.457075065845441 0.00298453469218714 2.31146204329034 10.7225732087856 59.96015936 0.199203187 33.26693227 4.980079681 0.398406375 0 0.199203187 0.199203187 0.199203187 0.398406375 0.594059406 3845.309627185 0.0604901993677915
6252.5 -0.445636560012952 0.00299140921249592 2.30589392498443 10.9064831506166 64.96062992 0 31.69291339 2.165354331 0 0 0.393700787 0.196850394 0 0.393700787 0.392156863 3341.26563809 0.0710224369423379
6288.5 -0.433121280480483 0.00300114294726382 2.29565055472088 10.3969087969004 65.8 0 30.8 2.4 0.4 0 0.4 0 0 0.2 0.596421471 3853.09365402 0.0688501384320638
6326.5 -0.414782902627601 0.00301461206091627 2.28242398937394 9.85902475686672 61.06719368 0 35.96837945 1.976284585 0.395256917 0 0 0.197628458 0.197628458 0 0.393700787 9587.0029738 0.071351395590391
6363 -0.388969594905872 0.00303043108392233 2.27005453875218 10.5251343829542 56.1752988 0.199203187 37.4501992 4.183266932 0.199203187 0 0.597609562 0.597609562 0 0.398406375 0.396825397 4564.742479069 0.0765232149226113
6398 -0.353667708702108 0.00304805793852587 2.26085755353359 11.4251075212712 59.12698413 0 35.71428571 4.365079365 0.396825397 0 0 0 0 0.198412698 0.982318271 3959.117478 0.0691931803431469
6433 -0.305090466795029 0.00306789864953261 2.25642584289381 11.106164208243 56.77290837 0.199203187 38.04780876 3.386454183 0.398406375 0 0.199203187 0.199203187 0.199203187 0.398406375 0.594059406 4448.495450319 0.0811089783261087
6468 -0.240541088574543 0.00308972979219509 2.25863637445937 10.3131978308026 58.08966862 0 37.42690058 3.703703704 0.389863548 0 0.194931774 0 0 0.194931774 0.581395349 4328.9283777 0.0938587753937227
6503.5 -0.15622404309474 0.00311364998786481 2.26930462094974 9.624565 59.76095618 0 35.65737052 3.784860558 0 0 0.398406375 0.199203187 0 0 0.790513834 6266.0355753 0.0803762969258047
6541 -0.0619360859970096 0.00314053080456448 2.28056775870104 10.01419 63.61829026 0 32.4055666 3.37972167 0 0 0.198807157 0.198807157 0 0.198807157 1.178781925 4686.3023219 0.0661948729538804
6578 0.0257553719809728 0.00316838694308203 2.28587439346346 10.39862 62.5498008 0.199203187 31.2749004 3.784860558 0.398406375 0 0.398406375 0.796812749 0 0.398406375 0.594059406 5183.80448521 0.059802561465834
6615 0.107270190468252 0.00319724363057602 2.28577416547143 10.0676111111111 60.4743083 0.197628458 35.96837945 2.766798419 0.197628458 0 0.197628458 0 0 0.197628458 0.589390963 5923.245811 0.0659081102613993
6649 0.176036442932534 0.00322437270710998 2.28123227092817 9.9157784 64.07185629 0 31.73652695 3.193612774 0 0 0.199600798 0.399201597 0 0.199600798 0.595238095 6602.6603836 0.0832886918441083
6684 0.239773300343571 0.00325266198862656 2.27226012557883 9.8409344 62.57309942 0 34.69785575 2.339181287 0 0 0 0.194931774 0 0.194931774 0.388349515 5394.9574163 0.0909340320223805
6723.5 0.302335644766978 0.00328471594933235 2.25726443842422 9.7564676 58.96414343 0 36.05577689 3.386454183 0.398406375 0 0.597609562 0.199203187 0 0.398406375 0.396825397 4537.4653603 0.066316773784887
6759.5 0.349832850803008 0.00331378632674227 2.2392887384854 11.7456375407166 61.85770751 0 34.98023715 2.56916996 0.197628458 0 0.197628458 0 0 0.197628458 0.589390963 5372.2462012 0.0424061921354282
6795 0.386754981725354 0.00334207640352991 2.21759696826216 11.255142019544 61.77606178 0 31.66023166 4.44015444 0.193050193 0 0 0.386100386 0.193050193 0.579150579 0.384615385 4393.2757949 0.0740792860413106
6829 0.413001468400786 0.00336863567395725 2.19360822234515 10.7853716612378 61.81102362 0 34.84251969 2.362204724 0 0 0 0.196850394 0 0.196850394 0.392156863 3609.47791615 0.09101000028463
6867 0.431569277206716 0.00339747214438338 2.16346631955242 10.2603342019544 59.2 0 37 3.2 0.2 0 0 0.4 0 0 0.199600798 3804.1840137 0.0888971879530476
6902.5 0.438619004528396 0.00342343455318334 2.13243966108694 10.6084487854251 61.1969112 0 36.67953668 1.930501931 0 0 0 0.193050193 0 0 0.575815739 3798.9790954 0.0900273938467455
6939 0.435277188637261 0.00344896871599148 2.09785143287848 10.7211161375661 60.8 0 34 3.8 0.6 0 0 0.4 0 0 0.596421471 3773.56684 0.0750799290749396
6976.5 0.420322157828206 0.0034737765373794 2.05962831313847 10.0723562169312 60.91269841 0 34.72222222 3.373015873 0.198412698 0 0 0.198412698 0 0 0.591715976 3951.1992433 0.0684006139828666
7013.5 0.394065599871159 0.00349667451878005 2.01941828912128 9.94032795031056 65.86826347 0 29.54091816 3.393213573 0.399201597 0 0.199600798 0.399201597 0 0.199600798 0.199203187 2540.02821907 0.0820821483286327
7049 0.357949112499952 0.00351700867112859 1.97859512316783 10.6622347826087 62.23091977 0 34.83365949 2.544031311 0 0 0 0 0.195694716 0 0.583657588 4870.0444251 0.0938554408738238
7085 0.31009239010396 0.00353582089265169 1.9349825351821 11.3943093167702 65.33864542 0 32.07171315 2.19123506 0 0 0 0 0 0.398406375 0.594059406 4213.37272904 0.0893492919842437
7121 0.254922673131383 0.00355269523655375 1.89101751257657 11.0390629904431 62.37623762 0 35.64356436 1.584158416 0 0 0.198019802 0 0 0.198019802 0.394477318 3526.81811666 0.0899149956682167
7155 0.199262951595766 0.00356664737954818 1.85072609223847 10.2153474853228 57.6 0 35.8 5.2 0.4 0 0.6 0.4 0 0 0 4354.1155837 0.0808388269905379
7192 0.135574502594766 0.00357949272682971 1.80854630178169 10.392147776133 58.56573705 0 37.05179283 3.585657371 0.398406375 0 0.199203187 0 0 0 0.790513834 4484.5156574 0.0597494795723637
7228 0.0711559667704862 0.00358945259241954 1.76948728197415 11.0450472560706 57.96812749 0 37.4501992 3.585657371 0.199203187 0 0.199203187 0.199203187 0 0.398406375 0.198807157 6813.4639064 0.0794844197053463
7263 0.00689899334054779 0.00359657939495722 1.73365670488395 11.6798106393434 61.35458167 0 36.85258964 1.195219124 0 0 0.398406375 0 0 0 0.198807157 4407.10684871 0.0964822057416497
7301 -0.0639109293123178 0.00360129009005749 1.69744916917587 10.809569519755 62.6 0 34.6 2 0.4 0 0.2 0 0 0 0 5488.9586326 0.102908659412292
7340 -0.136874201206312 0.00360261051874299 1.66358741506942 9.85682445945782 61.38613861 0 35.64356436 2.376237624 0.396039604 0 0 0 0 0 0.394477318 4349.9496041 0.0914433753812765
7401 -0.249342436600777 0.00359695433128311 1.61837286446198 10.1013532512704 63.6 0 30.8 4.4 0.4 0 0.4 0.2 0 0 0 4362.9474619 0.0425309639018809
7462.5 -0.355680164117013 0.00358132649584417 1.58443413427437 10.1645855932203 60.82677165 0 36.81102362 1.377952756 0.196850394 0 0 0.393700787 0.196850394 0 0.974658869 4620.13173285 0.0453016454279215
7517 -0.438311018037839 0.00355881620640571 1.56681241508816 10.1493884955752 58.76494024 0 37.4501992 2.988047809 0 0 0.199203187 0 0 0.199203187 0 5197.9613293 0.0534194573357617
7572 -0.505384415213513 0.00352777061700959 1.56362788161849 10.6482336283186 61.53846154 0 34.71400394 2.761341223 0.591715976 0 0 0 0 0.197238659 0.782778865 4853.6279788 0.0539906259726161
7627 -0.550912008909717 0.00348862861993159 1.57807606459375 10.6888739151008 62.64822134 0 34.38735178 1.581027668 0.197628458 0 0.395256917 0.395256917 0 0.395256917 0.393700787 4981.94687174 0.045648575484786
7678 -0.57116467605784 0.00344561630204406 1.60932173643489 9.75571759986487 62.22664016 0 35.38767396 2.186878728 0 0 0 0 0 0 0.396039604 4476.64716518 0.0561984399986416
7728 -0.605830624225593 0.00339780181295051 1.63989510871779 9.77917759995871 63.22067594 0 34.59244533 1.590457256 0 0 0.198807157 0.198807157 0 0.198807157 0.396039604 6468.4172886 0.0541287853063621
7782 -0.673167236577106 0.00334083598168519 1.66517827840691 9.80451440006006 61.43141153 0 35.38767396 2.385685885 0.198807157 0 0.397614314 0 0 0.198807157 0.788954635 4204.9459845 0.0496139410063239
7836 -0.763099993525392 0.0032795019892468 1.68508247596274 9.87381695461307 64.47105788 0 33.13373253 1.397205589 0.199600798 0 0.598802395 0 0.199600798 0 0.199203187 4218.36635616 0.0484698004990724
7889 -0.864875282282912 0.00321635982038166 1.70213692599678 10.7725038152119 63.87225549 0 32.93413174 2.195608782 0.199600798 0 0.199600798 0.199600798 0.199600798 0.199600798 0.199203187 4218.36635567 0.0361361311172838
7940.5 -0.968822066470504 0.00315343968784449 1.71920850984105 10.6624869318182 63.61829026 0 30.81510934 3.777335984 0.596421471 0 0.596421471 0 0 0.397614314 0.592885375 3980.2327718 0.039511841267659
7990 -1.06352043962235 0.00309258572366287 1.74093097019599 9.79404318181818 64.42687747 0 31.81818182 2.173913043 0.395256917 0 0.197628458 0.395256917 0 0 0.393700787 4764.7978856 0.0365276375551487
