"Age" "BB" "FF" "FS" "TC" "LW" "MeanArea" "Pinus" "Picea" "Betula" "Alnus" "Juniperus" "Salix" "Ericaceae" "Poaceae" "Artemisia" "Cyperaceae" "Sphagnum" "Tree" "ROC"
130 -0.6736542726334 0.00404391711639754 1.1440579523368 8.795028 0 0.0163 55.15873016 20.63492063 22.02380952 0.992063492 0 0 0.396825397 0.198412698 0.198412698 0 0.591715976 3085.15888502 0.0413673212024859
326 -0.609924930255117 0.00453593064583923 0.95737374993315 9.2426728 0 0.0169 58.76494024 17.52988048 21.51394422 0.199203187 0 0 0.796812749 0.597609562 0 0.199203187 0.594059406 3015.562889164 0.0447147347230608
424 -0.703763327743281 0.00466351252440462 0.888335320384867 9.3046088 0 0.0191 54.27435388 20.67594433 21.27236581 0.994035785 0.596421471 0 0.795228628 0.795228628 0.198807157 0.198807157 0.592885375 2086.92206775 0.0653379268328516
521 -0.843529309582075 0.00471837140674619 0.833026974825901 9.69435625 0 0.0689 49.40239044 17.72908367 29.88047809 0.996015936 0.398406375 0.199203187 0.996015936 0.398406375 0 0 1.37524558 3015.56288882 0.0600383865003669
621.5 -0.967293506884759 0.00471444679992469 0.79989816086842 9.33335909090909 0.5 0.0278 52.64187867 15.26418787 27.39726027 0.978473581 0.782778865 0.195694716 0.782778865 0.978473581 0.391389432 0.195694716 1.730769231 2779.04815268 0.0544572172976359
719 -1.0291585529689 0.00467020882785127 0.794829209766015 9.6036896 1 0.02795 53.57142857 17.46031746 24.00793651 2.182539683 0.396825397 0 1.19047619 0.793650794 0 0.396825397 1.176470588 1907.50421132 0.0680556040732766
814 -1.00149186664058 0.00460799817111834 0.820365116483439 10.7614666666667 0 0.0448 61.30952381 14.68253968 21.42857143 0.793650794 0.396825397 0 0.793650794 0.396825397 0 0 0.198019802 8387.98070526 0.0654703173907094
953 -0.836281093016492 0.00451884437855303 0.896234336161077 9.4875888 0 0.03105 57.68463074 14.97005988 25.1497006 0.798403194 0 0 0.598802395 0.598802395 0.199600798 0 0.988142292 2659.95513829 0.0607430438535221
1051 -0.706176958988868 0.00447684055463289 0.949472164856717 9.75575420025833 0 0.0337 60 15.24752475 22.77227723 0.396039604 0 0.198019802 0.99009901 0.396039604 0 0 1.559454191 2651.32992853 0.0598502419519214
1096 -0.660645763640426 0.00446617707047641 0.967036138133854 10.7718 0 0.12675 58.3011583 13.51351351 26.64092664 0.965250965 0.193050193 0.193050193 0 0 0 0.193050193 0.766283525 2336.33249263 0.0694308957317759
1139.5 -0.630276408317115 0.00446138282857158 0.977977460323045 9.67049405823569 0.333333333333333 0.0946666666666667 62.13592233 12.81553398 23.10679612 0.194174757 0.388349515 0 0.388349515 0.194174757 0.194174757 0.194174757 0.579150579 2674.577333856 0.0720411541602126
1183 -0.602546237102839 0.00446205885458295 0.986129528555136 9.57892459998395 0 0.017 58.85826772 10.62992126 26.37795276 1.57480315 0.590551181 0 0.590551181 0.590551181 0.196850394 0.196850394 0.392156863 2458.54606898 0.067975084779408
1233.5 -0.568535876947131 0.00446921460580984 0.99376424670064 9.596799500158 0.5 0.12095 59.96055227 12.62327416 25.64102564 0.591715976 0.394477318 0 0.591715976 0 0.197238659 0 0.782778865 2446.1712601 0.0493252690661094
1281.5 -0.532656671553484 0.00448163956339319 0.999955327293405 9.65425549969836 0 0.0713 60.15779093 10.65088757 26.23274162 0.986193294 0.197238659 0.394477318 0.591715976 0.394477318 0 0 0.392927308 2951.99620809 0.0651530407268728
1331.5 -0.489679240480196 0.00449933048772173 1.00624964648791 9.62904480000727 0.5 0.0344 64.1025641 11.24260355 23.66863905 0 0 0 0.591715976 0.197238659 0 0 1.169590643 2410.2029406 0.0782143260135168
1376 -0.445040705484154 0.00451802361676587 1.01258181006841 10.1409956105134 1 0.0288 64.88095238 13.0952381 20.83333333 0.396825397 0.198412698 0 0.198412698 0.396825397 0 0 0.395256917 2618.836951 0.0862106115375333
1467 -0.328341951749056 0.00455991694047473 1.03132985451924 9.23060300001802 0 0.0344 62.62425447 11.53081511 25.64612326 0.198807157 0 0 0 0 0 0 0.592885375 2987.633989298 0.0648012925543763
1512.5 -0.237271116546188 0.00458012558310814 1.0502597119093 10.3163700534759 0 0.0261 64.87025948 10.77844311 22.15568862 0.798403194 0 0 0.998003992 0 0.199600798 0.199600798 0.988142292 2736.68461399 0.0734253455300874
1562 -0.109915355262436 0.00459952725792695 1.07967769306734 9.49614400267444 0.5 0.02345 58.92857143 12.5 27.18253968 0.396825397 0 0 0.198412698 0.198412698 0.198412698 0.198412698 0.395256917 2903.99919704 0.0551377519956081
1611 0.02825443077358 0.00461456978634526 1.11350540678626 9.15128199922582 1 0.0348 56.4612326 14.31411531 27.23658052 0.397614314 0.198807157 0 0.795228628 0 0.198807157 0.198807157 0.788954635 3168.79271097 0.0464801093294471
1659 0.15866049858016 0.00462393665202721 1.14705860154424 9.59184399749325 0.333333333333333 0.028 63.83399209 7.707509881 25.09881423 1.185770751 0.592885375 0 0.790513834 0.592885375 0 0 0.978473581 3395.13504719 0.0588514974062239
1703 0.259881631210733 0.00462688542091718 1.17474089067398 9.93800052588529 0 0.0231333333333333 62.74900398 13.94422311 22.50996016 0.199203187 0 0 0.398406375 0.199203187 0 0 0.396825397 3885.080006576 0.0632574844500405
1751 0.335574584639311 0.00462320662578572 1.19789221069691 9.7291996000184 0 0.0518666666666667 58.57988166 12.4260355 26.03550296 1.380670611 0.197238659 0 0.394477318 0.197238659 0 0.394477318 0.588235294 3593.69900631 0.067587927353214
1799 0.359514501075321 0.00461168705279049 1.20966051939336 10.2805831806673 0 0.03185 57.14285714 9.325396825 32.14285714 0.992063492 0 0 0.198412698 0 0 0 0.395256917 3570.67102222 0.0634254670949725
1842.5 0.364770571881307 0.00459421236887491 1.21873403117819 9.66372749865918 0.2 0.04074 62.94820717 9.760956175 26.09561753 0.199203187 0 0.199203187 0.398406375 0 0.199203187 0.199203187 0.986193294 3624.602939661 0.0588834928190235
1890 0.382317110602165 0.0045675446012029 1.23557498505335 9.42337400010134 0 0.0178 65.20874751 11.72962227 21.47117296 0.397614314 0.198807157 0 0.397614314 0.397614314 0 0.198807157 0.592885375 3767.67937111 0.0743510153477172
1986.5 0.453965180773804 0.00449017609563238 1.2925475176788 9.82244886363636 0 0.036 61.06719368 13.24110672 22.92490119 1.383399209 0.790513834 0 0.197628458 0.197628458 0 0 0.197238659 3194.39911675 0.0784475814563409
2034 0.505597505313536 0.00444220281820439 1.3317459946005 9.64026079807391 0 0.0389 59.64566929 13.38582677 22.63779528 2.362204724 0.590551181 0 0.787401575 0.196850394 0 0 0.78125 2988.74767045 0.0779318844255691
2077.5 0.561646207411172 0.00439373687708774 1.37402246973547 9.69975900095499 0 0.0466 60.3960396 12.67326733 25.14851485 0.792079208 0 0 0.396039604 0 0 0.198019802 1.3671875 3097.54908195 0.077727453338959
2125 0.631886790669248 0.00433706750432352 1.42700174096206 10.5658940456696 0.5 0.033675 54.89021956 14.37125749 28.54291417 0.798403194 0.199600798 0 0.399201597 0.199600798 0.399201597 0 0.792079208 2685.0490552 0.0934379057700942
2217.5 0.747730786371212 0.00422110147985492 1.53383017500251 9.46735799976438 0 0.0263 57.7689243 12.35059761 27.88844622 0.597609562 0 0.398406375 0.199203187 0.398406375 0 0.398406375 0.198807157 3133.9708133 0.0470364008623614
2265 0.778707107704941 0.00416185351040699 1.5828268125574 9.97651901609973 0 0.0701 57.08661417 10.43307087 31.1023622 0.393700787 0 0 0.590551181 0.196850394 0.196850394 0 0.78125 2683.33793483 0.0714315907142834
2311 0.789977305679395 0.00410677300101136 1.6244942891969 9.56019420063934 0.285714285714286 0.0272571428571429 56.2745098 14.90196078 26.8627451 1.176470588 0 0 0.392156863 0.196078431 0 0 0.970873786 2803.16278278 0.0897788401854042
2356 0.782745206980807 0.00405660305970807 1.65797537698786 11.3961457728142 0.25 0.053825 55.84158416 11.68316832 30.4950495 0.594059406 0.198019802 0 0.99009901 0.198019802 0 0 0.980392157 3052.33804669 0.0764293614230741
2402 0.756731212891654 0.00401049353938868 1.68301311717358 9.46508599993286 1 0.03275 66.40159046 10.33797217 21.66998012 0.795228628 0.198807157 0 0.198807157 0.198807157 0 0 0.984251969 2637.57725172 0.051221818284099
2447.5 0.712129939592562 0.00397138413216324 1.69671729168257 10.2033183459613 0 0.0256 59.6 12.2 25.4 1 0 0.2 0.4 0.4 0.4 0 1.380670611 3822.79415478 0.0507864580051112
2504 0.633505255177823 0.00393353674816324 1.69705675990974 9.96725919282511 0.5 0.033025 57.17131474 10.75697211 29.48207171 1.394422311 0 0 0.597609562 0.398406375 0 0.199203187 0.986193294 2506.73235189 0.0536493764194383
2686 0.330108635705052 0.00390926700079119 1.60060079294853 9.74048562091503 0 0.06485 56.34920635 12.1031746 27.38095238 1.19047619 0.396825397 0 0.793650794 0.595238095 0.198412698 0.198412698 0.591715976 5187.0302873 0.0836978836676494
2711 0.290657564268818 0.00391844503913414 1.57866393700695 10.2171333333333 0.166666666666667 0.07005 55.77689243 11.95219124 29.88047809 0.996015936 0.199203187 0 0.996015936 0 0 0 0.396825397 4390.6505053 0.0762318234548754
2738 0.250597135803079 0.00393178425610078 1.55365474322073 11.4267223880597 0.333333333333333 0.0511666666666667 55.55555556 12.6984127 29.96031746 0.793650794 0.198412698 0 0.198412698 0.396825397 0 0 1.176470588 4074.85030964 0.0963108283516894
2764 0.215118033761198 0.00394787323201283 1.52872281323831 10.6858388059701 0 0.1095 54.09181637 12.5748503 31.13772455 1.596806387 0.399201597 0.199600798 0 0 0 0 0.988142292 5509.70127919 0.126722881320618
2792 0.180959168798199 0.00396857764387512 1.50145060059177 9.88796417910448 0 0.10705 54.47619048 14.0952381 29.14285714 0.761904762 0.19047619 0.19047619 0.380952381 0.571428571 0 0 0.379506641 5910.57445724 0.109762419318562
2819 0.152631437796359 0.003991762766616 1.47517099222227 10.5064851851852 0.5 0.0358 52.81553398 13.98058252 30.29126214 1.941747573 0 0 0.582524272 0.388349515 0 0 0.386847195 4858.78944793 0.114417534350944
2844.5 0.130410218938218 0.00401642516036294 1.45070669658002 10.4207253424658 0 0.0356 53.17460317 16.07142857 29.16666667 1.19047619 0 0 0.198412698 0 0 0.198412698 0.395256917 5270.59081069 0.153330410795644
2918.5 0.0984045171765007 0.00410117277707378 1.38614181889693 10.656664516129 0 0.0485 61.70634921 11.30952381 24.00793651 1.19047619 0 0 0.396825397 0.396825397 0 0.595238095 1.5625 2401.99704165 0.111746956871603
2971.5 0.115113283067931 0.00417177705298129 1.35061753779706 10.3176326086957 0 0.0188 53.11111111 14.44444444 30.22222222 0.444444444 0 0 0.444444444 1.111111111 0 0 0.442477876 2670.89985511 0.081148400013595
3023.5 0.172946879653277 0.0042466604733533 1.32839794184949 10.5716514285714 0 0.0386 59.76095618 11.75298805 26.09561753 1.195219124 0.199203187 0 0.398406375 0.398406375 0 0.199203187 1.181102362 2353.36401468 0.124239773180743
3051 0.222650933991449 0.00428771642042926 1.32261246552771 11.2474230769231 0.5 0.0878 58.0270793 12.37911025 28.04642166 0.386847195 0 0 0.580270793 0.193423598 0.193423598 0 1.147227533 2639.61395347 0.106053783182795
3076 0.280985499336798 0.0043255516639214 1.32144962719814 11.3310528846154 0 0.0161 62.74900398 9.163346614 25.09960159 1.593625498 0.796812749 0 0.199203187 0 0.199203187 0.199203187 0.986193294 1957.18277416 0.0972272854302867
3102 0.355406960014723 0.00436510681561614 1.32449318727554 11.4180278846154 0 0.0419 57.50988142 13.43873518 26.48221344 0.988142292 0.197628458 0 0.395256917 0.197628458 0.395256917 0.395256917 1.171875 4430.35009869 0.098403889112166
3127 0.441475938625078 0.00440307750081359 1.33185894038047 11.5016576923077 0.181818181818182 0.0435636363636364 59.2445328 13.12127237 25.04970179 1.590457256 0.198807157 0 0.198807157 0.397614314 0 0.198807157 0.396039604 2703.26446731 0.136942875838999
3150.5 0.534047621442843 0.00443848756005245 1.34230406011064 10.7182891665483 0 0.0312 53.07692308 13.46153846 30.38461538 1.730769231 0 0.192307692 0.576923077 0.192307692 0 0.192307692 0.763358779 3458.87574002 0.157749595004954
3178 0.635271325131663 0.00447927006880807 1.35236366102873 9.7336288166272 0 0.0189 53.22896282 13.3072407 30.52837573 1.369863014 0.195694716 0 0.587084149 0.391389432 0 0 0.776699029 3287.6313248 0.0978010561218262
3205 0.721484906526672 0.00451833907029098 1.35852865003592 10.1458445389513 0.666666666666667 0.0950333333333333 51.93370166 11.78637201 33.5174954 2.025782689 0 0 0.368324125 0 0 0.184162063 0.183823529 3836.07823728 0.110062990677694
3233.5 0.798870697513888 0.0045582238035942 1.36153623924639 10.5809611347378 0.8 0.100935 56.88622754 14.37125749 27.34530938 0.598802395 0.199600798 0 0.399201597 0.199600798 0 0 0.595238095 2768.21456094 0.157911413362459
3261 0.860723866554865 0.00459509912242579 1.36144295713008 10.4808280433757 0 0.0846571428571429 62.42544732 13.71769384 21.66998012 0.795228628 0.198807157 0 0.596421471 0.397614314 0 0.198807157 0.984251969 3453.30589126 0.165636292021849
3288 0.909378481619768 0.00462947290136921 1.35879218729632 10.1130701084394 0.5 0.04765 61.50793651 13.88888889 22.81746032 0.396825397 0.198412698 0 0.595238095 0.198412698 0.198412698 0.198412698 0.787401575 3423.06101653 0.143141519049487
3316 0.947821701261495 0.00466297278523694 1.35374249409727 9.73169150924609 0.4 0.0441 64.75247525 10.4950495 22.97029703 0.396039604 0.198019802 0 0.396039604 0 0 0.792079208 1.3671875 2593.37566712 0.0886426537480946
3344 0.974554105254521 0.00469407908143162 1.34665952474079 10.0821365893893 0 0.0346 63.28125 9.765625 24.8046875 0.78125 0 0 0.78125 0.390625 0.1953125 0 0.775193798 3023.07415855 0.0938249008214462
3369.5 0.989180339170004 0.00472018229709915 1.33867365970455 10.3752634615385 0.5 0.0443 64.08730159 12.6984127 19.84126984 0.992063492 0.396825397 0 0.793650794 0.595238095 0.198412698 0.396825397 0.787401575 2973.03784716 0.135189145161961
3398 0.994627114657564 0.00474658761096479 1.32818363941009 10.5376038461538 1 0.0810333333333333 59.95575221 13.49557522 24.33628319 1.10619469 0.221238938 0 0.221238938 0.221238938 0.221238938 0.221238938 1.094091904 3045.93667362 0.135752462132888
3423 0.990540770431608 0.00476729153373169 1.31781705969533 10.6800076923077 0.125 0.043375 58.64811133 9.145129225 29.82107356 0.994035785 0.198807157 0 0.795228628 0 0 0.397614314 0.396039604 2997.20888736 0.116231278201515
3449 0.977943321020275 0.00478632435975296 1.30602428262985 10.8281076923077 0 0.0858 56.39534884 10.07751938 30.23255814 0.775193798 0.581395349 0 1.162790698 0.387596899 0 0.19379845 0.193423598 3097.96028689 0.0970638626864553
3476 0.955965827387849 0.00480324027654333 1.29277574001108 10.1982244897959 0 0.03135 60.58823529 12.74509804 23.1372549 1.568627451 0.784313725 0 0.588235294 0.196078431 0 0.392156863 1.544401544 3481.15513262 0.104425182362463
3499.5 0.930922638524982 0.00481567103501103 1.2807532993138 9.59542551020408 0.2 0.07182 56.89320388 13.78640777 25.4368932 1.165048544 0.776699029 0 1.165048544 0.582524272 0 0.194174757 1.151631478 2468.51388301 0.112699334556668
3599 0.792888999774873 0.00484384339715794 1.23233701465534 9.5895696 0 0.0727857142857143 57.02970297 12.27722772 27.72277228 1.386138614 0.396039604 0.198019802 0.198019802 0.198019802 0 0.396039604 0.980392157 1502.000506 0.0821450383170935
3645 0.724044070601609 0.00484394107602662 1.2140555452665 11.3018485783916 0 0.0892 59.5463138 11.53119093 25.8979206 1.512287335 0.189035917 0.378071834 0.378071834 0.378071834 0 0.189035917 0.376647834 1764.56140722 0.0631909531034994
3692.5 0.658780500202735 0.00483610475522427 1.19984814095475 10.6123075548335 1 0.043 54.34782609 12.45059289 29.84189723 1.383399209 0 0.395256917 0.988142292 0 0 0.395256917 0.589390963 1873.72296538 0.0575068981424418
3738 0.608134077680441 0.0048215558942855 1.19210006371853 9.95179983753046 0.4 0.06546 58.82352941 10.19607843 29.41176471 0.588235294 0.196078431 0.196078431 0.392156863 0.196078431 0 0 0.970873786 2254.58051089 0.0543930804905775
3868 0.56952315188228 0.00474785779708513 1.21130614760836 9.74669418282549 0.166666666666667 0.166633333333333 58.92857143 14.68253968 24.20634921 0.595238095 0.198412698 0.198412698 0.198412698 0.595238095 0 0 1.176470588 1838.36970208 0.0736138792594585
3911 0.581927269137966 0.00471499300479872 1.22837834910048 10.1493854387657 0 0.0928 62.37816764 12.47563353 22.61208577 0.974658869 0 0.194931774 0.389863548 0 0.194931774 0.389863548 0.581395349 2307.01261537 0.0663765850580064
3956 0.601314229659374 0.004677090076415 1.24997866596942 10.7297422372228 0.333333333333333 0.166 56.32411067 11.06719368 30.43478261 1.185770751 0 0 0.592885375 0 0.197628458 0 0.784313725 2400.38506513 0.0668611843424172
4000 0.623909932886025 0.00463717527491714 1.27396163726352 9.8631 0 0.0299666666666667 53.17460317 13.0952381 32.93650794 0.396825397 0 0 0.396825397 0 0 0 0.395256917 2739.2285108 0.100372902801855
4045 0.648052291513085 0.00459392099371543 1.30063415263223 10.0113390008894 0.75 0.04155 55.51181102 11.41732283 32.08661417 0.787401575 0 0 0.196850394 0 0 0 0.78125 2691.7410779 0.0872767290426362
4088.5 0.669780779576333 0.00455028750101777 1.32761161980684 10.0914928998819 0 0.0635 55.47169811 9.811320755 32.83018868 1.320754717 0 0 0.377358491 0.188679245 0 0 0.74906367 3450.77312729 0.0696362276581254
4132.5 0.68752700615167 0.00450472693105031 1.35523901916028 10.0736905000243 0 0.05354 56.09284333 12.37911025 28.62669246 1.934235977 0.193423598 0.193423598 0.193423598 0 0 0 0.193050193 2578.88752252 0.0564846376089529
4176.5 0.697559367400209 0.00445811838847924 1.38201569209363 10.3585959074026 0 0.1317 55.95238095 12.8968254 29.76190476 1.19047619 0 0 0 0 0 0.198412698 0.395256917 1882.06981121 0.0497508862087707
4221 0.694730355231765 0.00441027088401262 1.40643764954477 10.3987949980268 0.666666666666667 0.0520666666666667 60.1532567 10.53639847 28.35249042 0.383141762 0 0 0.191570881 0.191570881 0 0.191570881 0.191204589 1657.75096294 0.0658532697794815
4265 0.679938901855891 0.00436258207508822 1.42792415116174 10.0245750010206 0 0.07271 59.88142292 9.090909091 28.85375494 1.581027668 0 0 0.197628458 0.197628458 0 0.197628458 0.589390963 2016.50336896 0.0572243684377254
4311 0.65381317674322 0.00431266619091412 1.44786431491418 10.8696928179419 0.333333333333333 0.0657 58.1920904 11.67608286 27.87193974 1.31826742 0 0 0.376647834 0.188323917 0 0.376647834 0.561797753 1878.66827483 0.0360433300983548
4365 0.611715773234527 0.00425446972683988 1.46831813033395 10.2327709995812 0 0.0334 57.25338491 14.70019342 26.49903288 0.967117988 0 0 0 0.193423598 0 0.386847195 0.576923077 1999.39585624 0.045577033169766
4425 0.554348980426221 0.00419100464787648 1.48788990059741 9.91869500209384 0 0.0687 59.40594059 11.88118812 27.72277228 0.99009901 0 0 0 0 0 0 0.785854617 1803.66440855 0.0455522346696934
4471 0.505471946825597 0.00414372202656013 1.50104593279731 9.91829519992497 0.2 0.09272 57.11500975 12.86549708 28.07017544 1.169590643 0 0 0.194931774 0.194931774 0 0.389863548 1.156069364 2272.43857448 0.0460675422522764
4515.5 0.460857475281779 0.00409956656486073 1.51418571855773 10.9306668924602 1 0.1006 57.41811175 9.055876686 30.82851638 1.541425819 0.385356455 0 0.192678227 0.192678227 0 0.192678227 0.383877159 2077.79488796 0.0666062549577299
4601.5 0.438654249384741 0.00402011050914396 1.56022963371749 9.76221519976628 0.666666666666667 0.0341666666666667 53.06930693 14.05940594 30.4950495 1.188118812 0.198019802 0 0.198019802 0.198019802 0 0 0.394477318 1661.40525914 0.155343779304957
4643 0.458057660979561 0.00398526748016169 1.59222858929565 9.71581629344446 0.25 0.04745 57.33855186 12.32876712 26.61448141 1.761252446 0.587084149 0.195694716 0.587084149 0.195694716 0 0.195694716 0.389863548 1988.1977313 0.0680823219527066
4684 0.494870337212755 0.0039535082271933 1.62945470098952 11.0217266183647 0.375 0.06095 91.28919861 4.529616725 1.742160279 1.045296167 0 0.348432056 0.696864111 0.348432056 0 0 1.034482759 950.29318848 0.064755060811047
4728 0.552596241678225 0.00392270445223244 1.67498215210453 9.72295120026759 0.333333333333333 0.0464666666666667 53.93258427 10.11235955 32.9588015 0.74906367 0.374531835 0.374531835 0.561797753 0.561797753 0.187265918 0.187265918 0.373134328 1831.08929177 0.0682612585466258
4770 0.624084405420877 0.00389676388666351 1.72314943139639 9.78680799975674 1 0.0533 53.69649805 12.6459144 32.10116732 0.389105058 0.389105058 0 0 0.194552529 0.194552529 0.389105058 1.343570058 1766.209886129 0.175993434947853
4856.5 0.799604181278238 0.00385504099263915 1.82692782025997 9.91663790020803 0.333333333333333 0.0800666666666667 55.24752475 11.68316832 31.48514851 1.188118812 0 0 0 0 0 0 0.590551181 1703.59767382 0.0938987814526468
4901 0.83977830158154 0.00383999078671988 1.85625426438999 10.0971653885314 0.25 0.0423375 51.953125 11.71875 33.203125 1.953125 0.390625 0 0 0.1953125 0 0.390625 0.582524272 1807.2360213 0.0765923181554909
4944 0.838452763696749 0.0038297011470642 1.86512170464717 9.63436560107439 0 0.06215 56.1023622 12.99212598 29.13385827 1.181102362 0.196850394 0 0 0.196850394 0 0.196850394 0.196463654 1740.37793808 0.0681068473382853
4985 0.810613597959805 0.00382368609133401 1.85956664432448 9.50326400028778 0 0.0952666666666667 51.17647059 10.39215686 36.2745098 1.37254902 0.392156863 0 0.392156863 0 0 0 0.390625 1807.23602133 0.0824216006423934
5029 0.762311596356725 0.00382119335033589 1.84259295609795 10.8797569536424 0.25 0.039325 54.79452055 10.95890411 32.4853229 1.56555773 0 0 0 0 0 0.195694716 0.583657588 1983.83635566 0.068345271155341
5068.5 0.711644335725774 0.00382226398660116 1.8214232650711 10.4391839662447 0.166666666666667 0.0362833333333333 57.72200772 10.81081081 28.57142857 1.351351351 0.772200772 0 0.386100386 0.193050193 0 0.193050193 0.766283525 2329.85432459 0.0545206714906515
5202 0.598949539035151 0.00384487542646742 1.75689246823817 10.9570816537468 0.142857142857143 0.0571571428571429 53.6 10.4 34.6 0.6 0.2 0.2 0 0.4 0 0 0.398406375 2008.9400866 0.0835958339877552
5245.5 0.605789101627116 0.00385685979340833 1.74935342438472 10.0034478991597 0.142857142857143 0.0334142857142857 51.16731518 9.922178988 35.79766537 1.556420233 0.583657588 0.389105058 0.194552529 0.194552529 0 0.194552529 0.580270793 1390.18155482 0.0845966401351204
5290.5 0.632276093704368 0.0038705863734492 1.74808718841239 10.3249070626003 0.142857142857143 0.0791214285714286 51.65048544 10.29126214 36.31067961 0.776699029 0.582524272 0 0 0 0 0 0.770712909 1451.93820241 0.0578189996719212
5329 0.66710402555902 0.00388290210669531 1.75124719113706 10.7257890850722 0.25 0.036325 53.05719921 8.678500986 34.51676529 1.380670611 0.591715976 0 0.197238659 0.591715976 0.197238659 0.591715976 0.782778865 1721.0116016 0.0658702879721818
5372 0.715127241244975 0.0038967185061034 1.75818955402415 11.1735274478331 0 0.0236 51.92307692 8.269230769 37.30769231 1.346153846 0.384615385 0 0.576923077 0 0.192307692 0 0 2148.28703776 0.0645442792398536
5416.5 0.77050779402614 0.0039105084451452 1.76787352726843 9.566402 0.125 0.0669875 54.80225989 9.792843691 32.9566855 1.31826742 0.188323917 0 0.376647834 0.376647834 0 0.188323917 0.187969925 2241.96340074 0.0560880769944203
5457.5 0.822565995485841 0.00392227499512028 1.77786228054464 9.73811 0.2 0.03286 56.03960396 9.702970297 31.28712871 1.98019802 0.198019802 0 0.198019802 0 0 0.198019802 0 1818.87683346 0.0738424255067119
5502.5 0.876256623932017 0.00393368142395641 1.7886590572365 9.98447606837607 0.333333333333333 0.0705833333333333 54.01174168 9.39334638 35.22504892 0.782778865 0 0 0.391389432 0.195694716 0 0 0.583657588 1847.97886256 0.0736426730845485
5546 0.920141428280747 0.00394283913330107 1.79753727274392 11.1742196581197 0.166666666666667 0.04065 58.62745098 8.431372549 29.41176471 1.568627451 0.588235294 0 0 0.784313725 0 0.588235294 0.195694716 1650.74536108 0.0539466880992238
5589 0.954872142325119 0.00394984259986936 1.8047147493784 10.7811646285176 0.111111111111111 0.0254111111111111 54.92125984 9.05511811 32.48031496 3.149606299 0 0 0.196850394 0.196850394 0 0 0.392156863 1472.56268403 0.0420935941836345
5634.5 0.982936855024135 0.0039548487330284 1.81102821384979 10.333781704289 0.5 0.05475 53.35968379 9.881422925 34.7826087 1.778656126 0 0.197628458 0 0 0 0 0.393700787 1526.17757643 0.0790893286037323
5679 1.00267100641102 0.00395737605017739 1.81628437377235 10.2764292940142 0.285714285714286 0.0468714285714286 54.73887814 9.090909091 33.655706 1.740812379 0.386847195 0 0 0.386847195 0 0 0.193050193 2056.59289948 0.0972282163222933
5720 1.01472218435895 0.00395771400298399 1.8205029351708 11.101528862931 0.1 0.07716 54.2 8.6 35 1.8 0.2 0 0.2 0 0 0 0.199600798 1377.83762812 0.0746041362992338
5762.5 1.02165999222729 0.00395624307597658 1.82433675013108 10.478005537498 0.333333333333333 0.0326555555555556 56.74603175 7.738095238 31.34920635 3.76984127 0.198412698 0.198412698 0 0 0 0 0.591715976 1643.53710639 0.0776366389474378
5803 1.02369862511751 0.00395342519055826 1.82748337751309 9.88382448620298 0.333333333333333 0.0292666666666667 53.187251 7.96812749 36.25498008 1.593625498 0.398406375 0 0.398406375 0 0 0.199203187 0.198807157 1627.1672149 0.0835444231600246
5846 1.02268636052348 0.00394930892228474 1.83059806502075 9.72235530536778 0.666666666666667 0.0444 53.22896282 7.240704501 37.76908023 1.369863014 0 0 0 0 0 0.391389432 0 3029.91809892 0.0846798592010979
5891 1.04244716845808 0.00394429231948251 1.84230310778997 10.7297228110857 0 0.038 54.92125984 6.496062992 35.82677165 2.362204724 0.196850394 0 0 0 0 0.196850394 0.587084149 1743.82423106 0.0840978642750473
5936 1.08885290854473 0.0039391824020235 1.86418533580308 10.3383705882353 0.4 0.05336 52.07100592 5.719921105 39.64497041 1.972386588 0 0 0.197238659 0.197238659 0.197238659 0 0.392927308 1500.07732994 0.083977076475191
5979 1.14999812951555 0.00393484807285629 1.89105296289247 9.95844503676471 0.125 0.0741125 54.05940594 6.534653465 37.62376238 1.584158416 0 0 0 0 0.198019802 0 0 2302.44427381 0.0710272657671487
6023 1.22196035224893 0.00393164073313378 1.92110866349547 10.5330246056782 0 0.02175 56.12648221 5.731225296 36.56126482 0.988142292 0 0.197628458 0.197628458 0.197628458 0 0 0.197238659 1633.20107564 0.0529327479331101
6066.5 1.29467591421326 0.00393033174876733 1.94980352201217 11.8040065851007 0.1 0.0314 58.61386139 5.346534653 33.66336634 1.188118812 0.198019802 0 0.792079208 0 0 0.198019802 0.394477318 1620.21339322 0.0607710879624386
6110 1.36140000576862 0.00393148207238791 1.97398869839404 10.903228021191 0 0.0205 57.53968254 4.761904762 35.51587302 1.587301587 0.198412698 0 0.396825397 0 0 0 0.198019802 2008.48546314 0.0790085782490103
6153 1.41376771487912 0.00393563944119942 1.98991945190979 10.012803233878 0.2 0.0342 54.63320463 4.247104247 38.03088803 2.895752896 0 0 0.193050193 0 0 0 0.575815739 2184.06036205 0.0892496724203834
6196 1.44520347580956 0.00394323485167505 1.99470343272048 10.3323106343646 1 0.03875 57.08582834 4.191616766 36.32734531 1.996007984 0.199600798 0 0 0.199600798 0 0 0.199203187 1885.05596723 0.0844796955942228
6238 1.44955332124551 0.00395435030588478 1.98605661801651 11.1117283764189 0.387096774193548 0.0474354838709677 56.97211155 3.187250996 36.05577689 3.386454183 0.199203187 0 0.199203187 0 0 0 0.198807157 2135.20323916 0.0665020791498228
6285 1.42098090895688 0.00397147900377405 1.95981062316758 10.4464507479562 0.230769230769231 0.0448769230769231 55.77689243 3.784860558 37.4501992 2.988047809 0 0 0 0 0 0 0.198807157 2033.241781 0.0797968628352399
6326 1.36588638213599 0.00399059295411247 1.92246382164296 9.86610217844611 0.384615384615385 0.0263307692307692 55.77689243 2.988047809 38.04780876 2.589641434 0.398406375 0 0 0 0 0.199203187 0.594059406 1633.71517148 0.0902498561662659
6369 1.27642383066958 0.00401483448451252 1.86888828731498 10.67941549238 0 0.0197 56.08782435 2.195608782 38.92215569 2.594810379 0 0 0 0.199600798 0 0 0.199203187 2486.56579716 0.0947462551971016
6416.5 1.13762806853282 0.00404651711602789 1.79277116054592 11.4799912147505 0 0.0175 55.62130178 1.775147929 37.27810651 3.944773176 0.591715976 0.197238659 0 0 0 0.197238659 0.9765625 1753.91694608 0.0964731263519253
6459.5 0.974660862342009 0.00407926954249075 1.70939388192201 10.5057753796095 0.333333333333333 0.0248 53.89105058 0.972762646 40.46692607 4.085603113 0.194552529 0.194552529 0 0 0 0 0.194174757 1841.83806726 0.0750578032959392
6504 0.766281352066286 0.00411681828045547 1.6092334047226 9.62976 0.666666666666667 0.0306333333333333 57.73809524 0.396825397 37.3015873 3.174603175 0.396825397 0 0.595238095 0 0.198412698 0.198412698 0.591715976 1952.600657669 0.0913856772072076
6547 0.568924693219978 0.00415598048779909 1.51497726003081 10.07653 0.4 0.03046 59.68379447 0.395256917 36.95652174 2.371541502 0.395256917 0 0.197628458 0 0 0 0.393700787 1996.13464853 0.0940389937158467
6592 0.438057418670139 0.00419920831936694 1.44373283064279 10.2987866666667 0.333333333333333 0.0337333333333333 57.44680851 0.193423598 39.45841393 2.127659574 0 0.193423598 0.193423598 0.193423598 0 0 0.193050193 1975.942197006 0.0738650763303492
6637 0.37366453261669 0.00424375424265768 1.39620573078855 9.9414392 0 0.035 56.84007707 0.192678227 37.76493256 3.275529865 0.192678227 0.385356455 0 0.578034682 0 0.578034682 0.192307692 2062.879365414 0.0723549941954308
6669 0.3604740825267 0.00427561836848483 1.37395874811565 9.8730104 0.333333333333333 0.0388666666666667 56.54761905 0 40.87301587 1.984126984 0 0 0 0 0 0.396825397 0.198019802 2054.38218086 0.114313664451002
6694 0.365730736624385 0.00430029431194941 1.36211437607569 9.8195504 0 0.019 61.43410853 0 34.88372093 2.713178295 0.387596899 0 0.19379845 0.19379845 0 0 0.193423598 2207.64073162 0.151372686318015
6738 0.399592638195788 0.00434256157544133 1.35023815258202 9.7254608 1 0.0635 59.96055227 0.197238659 34.71400394 4.142011834 0.197238659 0 0 0 0.197238659 0.591715976 0.196850394 2249.082998267 0.117386433877073
6758 0.422661393383594 0.00436100425718158 1.34779080580109 11.7663627035831 0.833333333333333 0.0309666666666667 58.96414343 0 36.25498008 3.984063745 0.199203187 0 0 0.199203187 0 0.199203187 0 1811.77066195 0.127277040029429
6777 0.447471008043967 0.00437792595347587 1.34671584842328 11.5038439739414 0.833333333333333 0.135266666666667 58.30188679 0.188679245 36.22641509 3.20754717 0.566037736 0 0.188679245 0.188679245 0.188679245 0.377358491 0.188323917 2146.381996725 0.143677629509867
6793.5 0.470460079466495 0.00439207316547897 1.34652693729176 11.2758671824104 0 0.0253142857142857 56.34920635 0 39.68253968 3.174603175 0.396825397 0 0.198412698 0 0 0.198412698 0.198019802 1805.47187282 0.128683985305267
6812 0.496974117840156 0.00440724523298082 1.3469019810314 11.0202568403909 0.4 0.0204 59.30232558 0 35.27131783 3.294573643 0.387596899 0 0.387596899 0.387596899 0 0.775193798 0 2201.37444343 0.140189990284422
6831 0.524071898991509 0.00442197777578669 1.34767793462996 10.7577381107492 0.666666666666667 0.0247333333333333 54.85148515 0 39.6039604 4.158415842 0.198019802 0 0.198019802 0.198019802 0.198019802 0.594059406 0.197628458 2903.1987706 0.153259604014647
6851 0.551380762911888 0.00443643766420891 1.34864898586732 10.4814026058632 0.333333333333333 0.0183333333333333 58.49802372 0 36.16600791 3.95256917 0.592885375 0.197628458 0.197628458 0 0 0.395256917 0 3135.7060315 0.132359643462891
6869 0.575589776172447 0.00444842900288004 1.3499218952502 10.2327006514658 0 0.0162 56.56370656 0 39.18918919 3.861003861 0.193050193 0 0 0 0 0.193050193 0 2133.97516499 0.119402547012616
6906.5 0.625875059283047 0.00446997871723001 1.35422786693493 10.6751613360324 0.25 0.029225 55.13833992 0 39.92094862 3.754940711 0.395256917 0 0.197628458 0.197628458 0 0.395256917 0.197238659 2085.63130093 0.111047415611636
6924 0.648531773137729 0.00447831050746289 1.35684225132617 10.9670287449393 0.4 0.04874 56.94444444 0 39.68253968 2.380952381 0.198412698 0.198412698 0.198412698 0 0.198412698 0.198412698 0.395256917 2541.57225712 0.121276944176303
6943 0.672015384871798 0.00448601475507205 1.3600060565121 10.6519150793651 0.5 0.06255 58.12133072 0 38.16046967 2.935420744 0.587084149 0 0.195694716 0 0 0 0.389863548 2381.75044818 0.119247684966853
6962 0.693913696832372 0.00449223571328431 1.36342705146696 10.32321005291 1 0.0371 58.13492063 0 38.88888889 2.380952381 0 0 0 0.198412698 0 0 0.395256917 2786.40341763 0.138207907753056
6998 0.729460859333182 0.00449971764699723 1.3702716622866 9.70040052910053 1 0.0164 55.55555556 0 40.87301587 2.976190476 0.396825397 0 0.198412698 0 0 0 0.395256917 2054.38218103 0.174779975650851
7016 0.743536016303931 0.00450120014484948 1.37372270926358 9.99116645962733 1 0.0236 56.2745098 0 40.78431373 2.352941176 0.196078431 0 0 0.196078431 0 0.196078431 0.390625 2044.33580128 0.153405144416936
7037 0.756275365821771 0.00450102073966331 1.37761749049128 10.4182099378882 0 0.0545 57.08661417 0 39.37007874 2.362204724 0 0 0.393700787 0.196850394 0 0.590551181 0.392156863 2530.21837372 0.102074802017205
7056 0.763837978084632 0.00449899111578167 1.38091188967099 10.8045826086956 0.166666666666667 0.0321166666666667 55.37848606 0.199203187 41.83266932 2.19123506 0 0 0 0 0.199203187 0 0.790513834 2371.894420691 0.0948885513412261
7075 0.767221989777771 0.00449516343052668 1.38388319741934 11.1909552795031 0 0.0195 55.33596838 0 41.50197628 2.173913043 0.197628458 0.197628458 0.197628458 0 0 0.197628458 0.393700787 2424.1709738 0.140480503993148
7095 0.765787432832551 0.00448916459195051 1.38653616833707 11.5976633540373 1 0.029625 55.88235294 0 41.56862745 1.960784314 0.196078431 0 0.196078431 0 0 0 0 3066.50370172 0.190907256137208
7115 0.758721255125026 0.00448111410323174 1.38856872409788 11.1844245501702 0.5 0.057275 54.97185741 0 40.90056285 2.626641651 0.375234522 0 0.375234522 0 0 0.375234522 0 2268.12403972 0.179219847070056
7134 0.746336728683711 0.00447157700794654 1.38978086019807 10.7241129443677 1 0.0302 55.53359684 0 41.8972332 1.976284585 0.395256917 0 0 0 0 0 0.393700787 2863.35094409 0.151923777555751
7152.5 0.728577337796399 0.00446052473114206 1.39016358571917 10.2759148018758 1 0.0526 62.57425743 0 34.85148515 1.98019802 0 0 0.198019802 0.198019802 0 0 0.394477318 2208.19058006 0.17437677762357
7208 0.638096797557481 0.00441691802382933 1.38541575882545 10.6823253227719 0.333333333333333 0.0367666666666667 60.3515625 0 37.5 1.3671875 0 0.1953125 0 0 0 0.390625 0.194931774 2458.04162593 0.159298397024592
7244.5 0.550284258522169 0.00438000558260125 1.37776300010718 11.3442928510421 0.666666666666667 0.0246 57.84313725 0 40.78431373 0.980392157 0 0 0 0 0 0.392156863 0.390625 2761.84452309 0.163504383661154
7264 0.495386572978855 0.00435775871819106 1.37242244093127 11.6979467360083 1 0.0349 57.70750988 0 39.13043478 1.185770751 0.395256917 0 0.197628458 0 0 0.197628458 0.197238659 1846.13665404 0.185616792886078
7283 0.437002774442901 0.00433447982993932 1.36643543425405 11.3548412167864 0.5 0.0219 58.26771654 0 39.17322835 1.57480315 0.393700787 0 0.196850394 0.393700787 0 0 0 2433.84830294 0.176638861141221
7319 0.31438453111552 0.00428625187768794 1.35313878963043 10.2642978227236 0.666666666666667 0.0299 59.2445328 0 37.77335984 1.391650099 0.994035785 0.198807157 0.198807157 0.198807157 0 0 0.198412698 3110.57011116 0.123852205726192
7338.5 0.242028956486018 0.00425802194322462 1.34492085319014 9.85081145638046 1 0.017275 61.27744511 0 36.32734531 1.996007984 0.199600798 0 0 0.199600798 0 0 0.199203187 2155.79789706 0.143770747840418
7357 0.169993541628072 0.00422999488040106 1.33650545918071 9.92497182766789 0.333333333333333 0.0367666666666667 58.47953216 0 39.76608187 0.974658869 0.389863548 0 0.194931774 0.194931774 0 0 0 2035.43825709 0.139421511810314
7394.5 0.0153235199064706 0.00416987576711366 1.31773568476449 10.0752969046019 0.5 0.02295 60.19417476 0 37.66990291 1.165048544 0.388349515 0 0.388349515 0 0 0.194174757 0 2741.90995012 0.124503479460463
7468 -0.312621851732851 0.00404191866344523 1.27489866297114 10.1397423728814 0.5 0.02305 60.99009901 0 38.21782178 0.396039604 0.198019802 0 0 0.198019802 0 0 0.197628458 2561.94558145 0.193030825597522
7506 -0.489681720462528 0.00397225771871369 1.25000118794192 10.0496194690265 1 0.0169 57.25646123 0 39.3638171 1.590457256 0.994035785 0 0 0.795228628 0 0 0.592885375 2233.92553382 0.168376355593216
7543 -0.661964674134287 0.00390333272902619 1.2248677233967 10.3852061946903 0 0.0190666666666667 60.7495069 0.197238659 36.29191321 1.775147929 0.197238659 0 0 0.394477318 0 0.394477318 0.196850394 2335.586190723 0.14387274402424
7559 -0.734066583593201 0.00387341078397447 1.2144896553469 10.5303247787611 0.4 0.02248 57.50487329 0 38.59649123 1.754385965 0.194931774 0 0.194931774 1.169590643 0 0.584795322 0.194552529 3036.26204795 0.155548365569561
7652 -1.10776411356881 0.00370214429916814 1.16529554026886 10.097398763495 0 0.0182 56.28742515 0 41.11776447 1.19760479 0.199600798 0 0.199600798 0.798403194 0 0.199600798 0.595238095 3187.06709494 0.195875051684093
7687.5 -1.22481672895105 0.00363960234849156 1.15355794123734 9.7601749998827 1 0.0226 52.57936508 0 45.03968254 1.388888889 0 0.198412698 0 0.198412698 0.198412698 0 0.395256917 2099.55969035 0.34930135531882
7706 -1.27900215338133 0.00360795577008434 1.14955838871654 9.76885519991742 0.5 0.0173 44.77317554 0 52.85996055 1.57790927 0.197238659 0.197238659 0 0.197238659 0 0.197238659 0.196850394 2134.95465108 0.297665403803085
7729.5 -1.34071644437581 0.0035687926821022 1.14684721358872 9.77988139996153 0 0.0198333333333333 35.62992126 0 59.84251969 3.346456693 0.196850394 0.196850394 0.393700787 0.196850394 0 0.196850394 0 2962.2068757 0.243148060837786
